    1     1        MET     0.0000 (    1.0000 )     0.0000 (    1.0000 )     0.0000 (    1.0000 )     0.0000 (    1.0000 )     0.0000 (    1.0000 )     0.0000 (    1.0000 )
    1     2        GLN     4.3594 (    1.0000 )     8.6562 (    1.0000 )   121.2041 (    1.0000 )    56.1847 (    1.0000 )     0.0000 (    0.0000 )   175.8072 (    1.0000 )
    1     3        TYR     5.5235 (    1.0000 )     9.1407 (    1.0000 )   119.9741 (    1.0000 )    56.1211 (    1.0000 )    42.0942 (    1.0000 )   174.5365 (    1.0000 )
    1     4        LYS     5.0070 (    1.0000 )     9.1959 (    1.0000 )   124.4673 (    1.0000 )    54.8685 (    1.0000 )    35.1933 (    1.0000 )   174.9948 (    1.0000 )
    1     5        LEU     4.9028 (    1.0000 )     9.0463 (    1.0000 )   126.5143 (    1.0000 )    53.1923 (    1.0000 )    42.8489 (    1.0000 )   175.2827 (    1.0000 )
    1     6        VAL     4.1817 (    1.0000 )     9.0436 (    1.0000 )   127.2195 (    1.0000 )    61.4333 (    1.0000 )    32.2900 (    1.0000 )   175.2365 (    1.0000 )
    1     7        ILE     4.5872 (    1.0000 )     8.9298 (    1.0000 )   126.1032 (    1.0000 )    59.1862 (    1.0000 )     0.0000 (    0.0000 )   175.4574 (    1.0000 )
    1     8        ASN     4.6939 (    1.0000 )     8.9499 (    1.0000 )   128.2818 (    1.0000 )    52.5456 (    1.0000 )    37.3175 (    1.0000 )   174.3882 (    1.0000 )
    1     9        GLY     0.0000 (    0.0000 )     8.0885 (    1.0000 )   111.1114 (    1.0000 )    45.3507 (    1.0000 )     0.0000 (    0.0000 )   174.3128 (    1.0000 )
    1    10        LYS     4.1799 (    1.0000 )     9.2458 (    1.0000 )   122.7726 (    1.0000 )    58.9385 (    1.0000 )    31.8208 (    1.0000 )   177.5548 (    1.0000 )
    1    11        THR     4.4963 (    1.0000 )     8.2317 (    1.0000 )   113.2019 (    1.0000 )    62.9359 (    1.0000 )    70.3515 (    1.0000 )   175.0036 (    1.0000 )
    1    12        LEU     4.1825 (    1.0000 )     7.9504 (    1.0000 )   122.7724 (    1.0000 )    55.1220 (    1.0000 )    41.9750 (    1.0000 )   175.6377 (    1.0000 )
    1    13        LYS     5.1933 (    1.0000 )     8.5022 (    1.0000 )   123.3288 (    1.0000 )    54.8277 (    1.0000 )    35.0906 (    1.0000 )   175.0538 (    1.0000 )
    1    14        GLY     0.0000 (    0.0000 )     8.5268 (    1.0000 )   111.9782 (    1.0000 )    43.0869 (    1.0000 )     0.0000 (    0.0000 )   172.8439 (    1.0000 )
    1    15        GLU     5.2561 (    1.0000 )     8.6032 (    1.0000 )   120.4149 (    1.0000 )    53.3525 (    1.0000 )    33.1414 (    1.0000 )   175.1938 (    1.0000 )
    1    16        THR     4.6286 (    1.0000 )     8.9201 (    1.0000 )   115.5628 (    1.0000 )    61.0550 (    1.0000 )    71.1128 (    1.0000 )   173.4517 (    1.0000 )
    1    17        THR     5.3222 (    1.0000 )     8.4390 (    1.0000 )   112.5034 (    1.0000 )    60.0745 (    1.0000 )    71.2395 (    1.0000 )   173.4930 (    1.0000 )
    1    18        THR     4.6896 (    1.0000 )     8.8742 (    1.0000 )   121.6905 (    1.0000 )    61.4138 (    1.0000 )    70.9045 (    1.0000 )   174.1769 (    1.0000 )
    1    19        LYS     4.7422 (    1.0000 )     8.3232 (    1.0000 )   121.2527 (    1.0000 )    54.0413 (    1.0000 )    32.6555 (    1.0000 )   175.6847 (    1.0000 )
    1    20        ALA     4.8070 (    1.0000 )     8.4929 (    1.0000 )   126.2549 (    1.0000 )    49.5746 (    1.0000 )    21.2214 (    1.0000 )   177.0528 (    1.0000 )
    1    21        VAL     4.0910 (    1.0000 )     8.3138 (    1.0000 )   116.0625 (    1.0000 )    64.1590 (    1.0000 )    31.9548 (    1.0000 )   177.4798 (    1.0000 )
    1    22        ASP     4.8191 (    1.0000 )     8.4105 (    1.0000 )   120.3299 (    1.0000 )    52.5054 (    1.0000 )    41.5790 (    1.0000 )   177.3120 (    1.0000 )
    1    23        ALA     3.4558 (    1.0000 )     8.5000 (    1.0000 )   124.4862 (    1.0000 )    54.7680 (    1.0000 )    18.0868 (    1.0000 )   179.6660 (    1.0000 )
    1    24        GLU     3.8924 (    1.0000 )     8.1058 (    1.0000 )   121.3413 (    1.0000 )    59.5382 (    1.0000 )    27.9342 (    1.0000 )   178.7201 (    1.0000 )
    1    25        THR     3.8428 (    1.0000 )     8.4068 (    1.0000 )   117.3625 (    1.0000 )    66.1061 (    1.0000 )    67.6557 (    1.0000 )   175.6247 (    1.0000 )
    1    26        ALA     3.9573 (    1.0000 )     7.1540 (    1.0000 )   124.7357 (    1.0000 )    53.8671 (    1.0000 )    18.0466 (    1.0000 )   178.3953 (    1.0000 )
    1    27        GLU     3.3750 (    1.0000 )     7.9787 (    1.0000 )   116.5635 (    1.0000 )    58.7627 (    1.0000 )    29.9758 (    1.0000 )   178.1227 (    1.0000 )
    1    28        LYS     3.8889 (    1.0000 )     8.1365 (    1.0000 )   119.1956 (    1.0000 )    60.1867 (    1.0000 )    31.8519 (    1.0000 )   178.7988 (    1.0000 )
    1    29        ALA     4.1948 (    1.0000 )     7.7214 (    1.0000 )   123.2096 (    1.0000 )    54.0486 (    1.0000 )    17.6666 (    1.0000 )   178.5378 (    1.0000 )
    1    30        PHE     4.5706 (    1.0000 )     7.6988 (    1.0000 )   119.3603 (    1.0000 )    60.2780 (    1.0000 )    39.0808 (    1.0000 )   178.8490 (    1.0000 )
    1    31        LYS     3.9711 (    1.0000 )     8.7249 (    1.0000 )   121.0713 (    1.0000 )    60.4337 (    1.0000 )    30.5683 (    1.0000 )   179.3673 (    1.0000 )
    1    32        GLN     3.9339 (    1.0000 )     7.9625 (    1.0000 )   120.4637 (    1.0000 )    59.5297 (    1.0000 )     0.0000 (    0.0000 )   178.6063 (    1.0000 )
    1    33        TYR     4.4442 (    1.0000 )     7.9572 (    1.0000 )   122.0297 (    1.0000 )    59.8412 (    1.0000 )    37.8313 (    1.0000 )   177.6938 (    1.0000 )
    1    34        ALA     4.0999 (    1.0000 )     8.4314 (    1.0000 )   122.9877 (    1.0000 )    55.2350 (    1.0000 )    18.4233 (    1.0000 )   179.5637 (    1.0000 )
    1    35        ASN     4.3338 (    1.0000 )     8.1975 (    1.0000 )   120.2745 (    1.0000 )    56.3115 (    1.0000 )    37.9097 (    1.0000 )   178.1721 (    1.0000 )
    1    36        ASP     4.3466 (    1.0000 )     8.4905 (    1.0000 )   117.8966 (    1.0000 )    55.8698 (    1.0000 )    40.1502 (    1.0000 )   177.0171 (    1.0000 )
    1    37        ASN     4.7923 (    1.0000 )     7.4998 (    1.0000 )   118.0613 (    1.0000 )    52.9684 (    1.0000 )    39.3319 (    1.0000 )   175.8222 (    1.0000 )
    1    38        GLY     0.0000 (    0.0000 )     7.8522 (    1.0000 )   108.0071 (    1.0000 )    45.8278 (    1.0000 )     0.0000 (    0.0000 )   174.6831 (    1.0000 )
    1    39        VAL     4.2174 (    1.0000 )     8.2802 (    1.0000 )   123.7786 (    1.0000 )    62.0213 (    1.0000 )    31.5777 (    1.0000 )   175.4527 (    1.0000 )
    1    40        ASP     5.0791 (    1.0000 )     9.1285 (    1.0000 )   130.3264 (    1.0000 )    51.5762 (    1.0000 )    42.0170 (    1.0000 )   175.2842 (    1.0000 )
    1    41        GLY     0.0000 (    0.0000 )     8.2971 (    1.0000 )   109.3512 (    1.0000 )    43.7156 (    1.0000 )     0.0000 (    0.0000 )   173.3157 (    1.0000 )
    1    42        VAL     4.5560 (    1.0000 )     8.9385 (    1.0000 )   122.5572 (    1.0000 )    61.6688 (    1.0000 )    33.5028 (    1.0000 )   175.4835 (    1.0000 )
    1    43        TRP     4.9449 (    1.0000 )     8.2984 (    1.0000 )   122.9462 (    1.0000 )    58.8997 (    1.0000 )    32.7424 (    1.0000 )   175.9130 (    1.0000 )
    1    44        THR     4.8203 (    1.0000 )     9.2323 (    1.0000 )   115.3640 (    1.0000 )    60.7505 (    1.0000 )    71.7258 (    1.0000 )   173.7056 (    1.0000 )
    1    45        TYR     5.2214 (    1.0000 )     8.5891 (    1.0000 )   124.2467 (    1.0000 )    55.9173 (    1.0000 )    41.2957 (    1.0000 )   173.7554 (    1.0000 )
    1    46        ASP     4.7849 (    1.0000 )     8.1204 (    1.0000 )   126.4053 (    1.0000 )    52.1894 (    1.0000 )    43.0054 (    1.0000 )   174.9202 (    1.0000 )
    1    47        ASP     4.5915 (    1.0000 )     8.5806 (    1.0000 )   124.6021 (    1.0000 )    55.8875 (    1.0000 )    40.5931 (    1.0000 )   177.2995 (    1.0000 )
    1    48        ALA     4.2904 (    1.0000 )     8.2204 (    1.0000 )   123.4617 (    1.0000 )    53.6683 (    1.0000 )    17.9667 (    1.0000 )   178.4696 (    1.0000 )
    1    49        THR     4.3462 (    1.0000 )     8.5624 (    1.0000 )   107.7073 (    1.0000 )    62.4258 (    1.0000 )    68.5986 (    1.0000 )   175.8450 (    1.0000 )
    1    50        LYS     3.9940 (    1.0000 )     7.5887 (    1.0000 )   118.6445 (    1.0000 )    57.6000 (    1.0000 )    28.5989 (    1.0000 )   175.4949 (    1.0000 )
    1    51        THR     4.8348 (    1.0000 )     7.8260 (    1.0000 )   122.3828 (    1.0000 )    61.6985 (    1.0000 )    70.9569 (    1.0000 )   173.8286 (    1.0000 )
    1    52        PHE     4.9482 (    1.0000 )     9.6152 (    1.0000 )   127.7375 (    1.0000 )    56.8254 (    1.0000 )    40.0632 (    1.0000 )   175.7416 (    1.0000 )
    1    53        THR     4.8364 (    1.0000 )     8.8080 (    1.0000 )   120.9317 (    1.0000 )    61.0644 (    1.0000 )    70.7594 (    1.0000 )   173.4656 (    1.0000 )
    1    54        VAL     4.3654 (    1.0000 )     8.7112 (    1.0000 )   126.8572 (    1.0000 )    61.1700 (    1.0000 )    31.9523 (    1.0000 )   174.3248 (    1.0000 )
    1    55        THR     4.8739 (    1.0000 )     8.9172 (    1.0000 )   126.1270 (    1.0000 )    61.3008 (    1.0000 )    70.7197 (    1.0000 )   174.2293 (    1.0000 )
    1    56        GLU     0.0000 (    1.0000 )     0.0000 (    1.0000 )     0.0000 (    1.0000 )     0.0000 (    1.0000 )     0.0000 (    1.0000 )     0.0000 (    1.0000 )
